## Key: interval (ms)
## Value: number of revolutions taking this interval or greater
METERS_PER_REVOLUTION <- 2.0874546
intervalData <- list(
intervals=c(70.11, 71.49, 72.90, 74.34, 75.80, 77.30, 78.82, 80.38, 81.96, 83.58, 85.23, 86.91, 88.62, 90.37, 92.15, 93.97, 95.82, 97.71, 99.64, 101.61, 103.61, 105.65, 107.74, 109.86, 112.03, 114.24, 116.49, 118.79, 121.13, 123.52, 125.96, 128.44, 130.97, 133.56, 136.19, 138.88, 141.62, 144.41, 147.26, 150.16, 153.12, 156.14, 159.22, 162.36, 165.57, 168.83, 172.16, 175.56, 179.02, 182.55, 186.15, 189.82, 193.57, 197.38, 201.28, 205.25, 209.30, 213.42, 217.63, 221.93, 226.30, 230.77, 235.32, 239.96, 244.69, 249.52, 254.44, 259.46, 264.58, 269.79, 275.11, 280.54, 286.07, 291.72, 297.47, 303.34, 309.32, 315.42, 321.64, 327.99, 334.45, 341.05, 347.78, 354.64, 361.63, 368.76, 376.04, 383.45, 391.02, 398.73, 406.59, 414.61, 422.79, 431.13, 439.63, 448.30, 457.14, 466.16, 475.35, 484.73, 494.29, 504.04, 513.98, 524.12, 534.46, 545.00, 555.75, 566.71, 577.88, 589.28, 600.91, 612.76, 624.84, 637.17, 649.73, 662.55, 675.62, 688.94, 702.53, 716.39, 730.51, 744.92, 759.62, 774.60, 789.88, 805.45, 821.34, 837.54, 854.06, 870.90, 888.08, 905.60, 923.46, 941.67, 960.24, 979.18, 998.50, 1018.19, 1038.27, 1058.75, 1079.63, 1100.92, 1122.64, 1144.78, 1167.36, 1190.38, 1213.86, 1237.80, 1262.22, 1287.11, 1312.50, 1338.38, 1364.78, 1391.70, 1419.15, 1447.14, 1475.68, 1504.79, 1534.46, 1564.73, 1595.59, 1627.06, 1659.15, 1691.88, 1725.24, 1759.27, 1793.97, 1829.35, 1865.44, 1902.23, 1939.75, 1978.00, 2017.02, 2056.80, 2097.36, 2138.73, 2180.91, 2223.93, 2267.79, 2312.52, 2358.13, 2404.64, 2452.07, 2500.43, 2549.75, 2600.04, 2651.32, 2703.61, 2756.93, 2811.31, 2866.76, 2923.30, 2980.96, 3039.75, 3099.70, 3160.84, 3223.18, 3286.75, 3351.58, 3417.68, 3485.09, 3553.83, 3623.92, 3695.40, 3768.28, 3842.61, 3918.39, 3995.68, 4074.49, 4154.85, 4236.79, 4320.36, 4405.57, 4492.46, 4581.07, 4671.42, 4763.56, 4857.51, 4953.31, 5051.01, 5150.63, 5252.22, 5355.81, 5461.44, 5569.16, 5679.00, 5791.01, 5905.23, 6021.70, 6140.47, 6261.57, 6385.07, 6511.01, 6639.43, 6770.38, 6903.91, 7040.08, 7178.93, 7320.52, 7464.91, 7612.14, 7762.28, 7915.37, 8071.49, 8230.69, 8393.02, 8558.56, 8727.36, 8899.50, 9075.02, 9254.01, 9436.53, 9622.65, 9812.44, 10005.97, 10203.32),
counts=c(0, 0, 0, 0, 0, 0, 0, 0, 0, 0, 0, 0, 0, 0, 0, 0, 0, 0, 0, 0, 0, 0, 0, 0, 0, 0, 0, 0, 0, 0, 0, 0, 0, 0, 0, 0, 0, 0, 0, 0, 0, 0, 0, 0, 0, 0, 0, 0, 0, 0, 1, 21, 7, 8, 35, 23, 18, 16, 11, 9, 9, 12, 17, 39, 44, 51, 57, 46, 52, 67, 72, 66, 62, 104, 113, 84, 67, 78, 121, 121, 94, 80, 89, 88, 132, 142, 105, 113, 100, 121, 165, 173, 150, 117, 74, 58, 56, 64, 37, 42, 48, 37, 49, 57, 57, 65, 53, 45, 40, 30, 17, 19, 14, 13, 21, 15, 8, 11, 8, 7, 9, 8, 3, 3, 5, 2, 3, 4, 3, 5, 5, 2, 1, 1, 3, 3, 4, 2, 1, 0, 1, 3, 2, 2, 5, 2, 1, 3, 0, 0, 1, 0, 2, 0, 0, 1, 1, 0, 1, 1, 0, 1, 0, 0, 1, 1, 0, 0, 0, 1, 0, 1, 0, 1, 0, 0, 1, 0, 0, 0, 0, 0, 0, 1, 1, 0, 1, 1, 0, 0, 0, 1, 0, 0, 0, 0, 0, 0, 0, 0, 0, 0, 0, 0, 0, 0, 0, 0, 1, 0, 0, 0, 0, 0, 0, 0, 0, 0, 1, 0, 0, 0, 0, 0, 0, 0, 0, 0, 1, 0, 0, 0, 1, 0, 0, 0, 0, 0, 0, 0, 0, 0, 0, 0, 0, 0, 0, 0, 0, 0, 0, 0, 0, 0, 0, 4)
)
